2018 1
2092 1
3063 1
3096 1
5096 1
6046 1
8023 1
8049 1
8068 1
8143 1
10081 1
12003 1
12074 1
12084 1
14037 1
14085 1
14092 1
15004 1
15011 1
15062 1
15088 1
16004 1
16052 1
16068 1
16077 1
17067 1
19021 1
20008 1
20069 1
21077 1
22013 1
22090 1
22093 1
23025 1
23050 1
23080 1
23084 1
24004 1
24063 1
24077 1
25098 1
26031 1
27059 1
28075 1
28083 1
28096 1
29030 1
33039 1
33044 1
33066 1
35008 1
35010 1
35028 1
35049 1
35058 1
35070 1
35091 1
36046 1
37073 1
38082 1
38092 1
41004 1
41006 1
41025 1
41029 1
41033 1
41069 1
41085 1
41096 1
42012 1
42044 1
42049 1
42078 1
43033 1
43051 1
43070 1
43074 1
43083 1
45000 1
45077 1
45096 1
46076 1
48017 1
48025 1
48055 1
49024 1
51084 1
54005 1
54082 1
55067 1
55073 1
55075 1
56028 1
58060 1
59078 1
60079 1
61034 1
61060 1
61086 1
62096 1
64061 1
65010 1
65019 1
65033 1
65074 1
65084 1
65132 1
66039 1
66053 1
66075 1
67079 1
68077 1
69000 1
69007 1
69015 1
69020 1
69022 1
69040 1
70011 1
70090 1
71046 1
71076 1
71099 1
76002 1
76053 1
77062 1
78004 1
78019 1
78098 1
79073 1
80085 1
80090 1
80099 1
81066 1
81090 1
81095 1
85048 1
86000 1
86016 1
86068 1
87015 1
87046 1
87065 1
89072 1
90076 1
92014 1
92059 1
94079 1
94095 1
95006 1
97010 1
97017 1
97033 1
100007 1
100039 1
100075 1
100080 1
100098 1
100099 1
101027 1
101084 1
101085 1
101087 1
102061 1
102062 1
103006 1
103029 1
103041 1
103070 1
103078 1
104010 1
104022 1
104055 1
105019 1
105025 1
105027 1
105053 1
106005 1
106020 1
106024 1
106025 1
106047 1
107014 1
107045 1
107072 1
108004 1
108005 1
108036 1
108041 1
108069 1
108070 1
108073 1
108082 1
109034 1
109053 1
109055 1
112056 1
112082 1
112090 1
113009 1
113016 1
113044 1
117025 1
117054 1
118015 1
118020 1
118031 1
118035 1
118072 1
119082 1
120003 1
120093 1
122048 1
123057 1
123074 1
124084 1
126007 1
126039 1
128035 1
130014 1
130026 1
130034 1
130066 1
134008 1
134035 1
134049 1
134052 1
134067 1
135037 1
135069 1
138032 1
138078 1
140006 1
140055 1
140075 1
140088 1
141012 1
141048 1
143090 1
144067 1
145014 1
145053 1
145059 1
145079 1
145086 1
146074 1
147021 1
147062 1
147077 1
147080 1
147091 1
148026 1
148089 1
151087 1
153077 1
153093 1
155060 1
156054 1
156065 1
156079 1
157032 1
157036 1
157055 1
157087 1
159002 1
159008 1
159022 1
159029 1
159045 1
159091 1
160006 1
160067 1
160068 1
161045 1
161062 1
163004 1
163014 1
163062 1
163085 1
163096 1
164046 1
164074 1
166081 1
167062 1
167083 1
168084 1
169012 1
170054 1
170057 1
172032 1
173036 1
175032 1
175043 1
175083 1
176019 1
176035 1
176039 1
176051 1
178054 1
179084 1
181018 1
181021 1
181079 1
181091 1
182053 1
183055 1
183066 1
183087 1
185092 1
187003 1
187029 1
187039 1
187058 1
187071 1
187083 1
187099 1
188005 1
188025 1
188063 1
188091 1
189003 1
189006 1
189011 1
189013 1
189029 1
189080 1
189096 1
196015 1
196027 1
196040 1
196062 1
196073 1
196088 1
197017 1
198004 1
198023 1
198054 1
198087 1
201080 1
202000 1
202012 1
206062 1
206097 1
207038 1
207049 1
207056 1
208001 1
208078 1
209021 1
209070 1
210088 1
216041 1
216053 1
216066 1
216081 1
217013 1
217090 1
219090 1
220003 1
220075 1
223004 1
223060 1
223061 1
225017 1
225022 1
226022 1
226033 1
226043 1
226060 1
227040 1
227046 1
227092 1
228076 1
229036 1
230063 1
230098 1
231015 1
232038 1
232076 1
235098 1
236017 1
236037 1
238011 1
238025 1
239007 1
239096 1
241004 1
241048 1
242078 1
243095 1
245051 1
246009 1
246016 1
246053 1
247003 1
247012 1
247085 1
249021 1
249061 1
249087 1
250047 1
250087 1
253016 1
253027 1
253036 1
253055 1
253092 1
254033 1
254054 1
257098 1
258089 1
259060 1
260058 1
260081 1
267036 1
268002 1
268048 1
268074 1
271008 1
271031 1
271035 1
274007 1
277053 1
277095 1
279005 1
281017 1
285022 1
285036 1
285079 1
286092 1
288024 1
289011 1
290035 1
291000 1
292066 1
293029 1
295087 1
296007 1
296028 1
296058 1
296059 1
299086 1
299091 1
300091 1
301007 1
302003 1
302008 1
302022 1
304034 1
304074 1
306005 1
306051 1
306052 1
309004 1
309040 1
310007 1
311068 1
311081 1
314016 1
317043 1
317080 1
323016 1
326025 1
326038 1
326085 1
334025 1
335088 1
335094 1
344010 1
346016 1
347031 1
351093 1
353013 1
361010 1
361084 1
365025 1
365072 1
365073 1
368016 1
368037 1
368078 1
370036 1
372019 1
372047 1
374020 1
374067 1
376001 1
376020 1
376043 1
376086 1
384022 1
384089 1
385022 1
385028 1
385039 1
388006 1
388016 1
388018 1
388067 1
393035 1
