  2092 5 
  3096 2 
  8023 2 
  8049 28 
  8143 15 
 12003 3 
 12074 3 
 12084 3 
 14037 4 
 15004 34 
 15088 3 
 16052 4 
 16077 21 
 19021 11 
 20008 33 
 21077 9 
 22013 3 
 22090 23 
 22093 10 
 23025 11 
 23080 22 
 23084 5 
 24004 34 
 24063 27 
 24077 24 
 25098 18 
 26031 2 
 27059 34 
 28075 4 
 28096 1 
 33039 11 
 33066 16 
 35008 10 
 35010 31 
 35058 6 
 35070 4 
 35091 7 
 37073 39 
 38082 12 
 38092 13 
 41004 3 
 41025 11 
 41033 7 
 41069 7 
 42012 32 
 42044 10 
 42049 9 
 42078 7 
 43070 1 
 43074 3 
 43083 3 
 45077 12 
 45096 9 
 46076 8 
 48055 5 
 54005 1 
 54082 27 
 55067 10 
 55073 20 
 55075 17 
 56028 4 
 58060 8 
 59078 17 
 60079 3 
 61060 3 
 61086 8 
 62096 4 
 65010 13 
 65019 40 
 65033 12 
 65074 30 
 65132 12 
 66039 6 
 66053 7 
 66075 2 
 67079 38 
 68077 7 
 69015 25 
 69020 12 
 69040 1 
 71046 28 
 76002 13 
 76053 12 
 78004 9 
 78019 14 
 80099 2 
 85048 40 
 86000 8 
 86016 40 
 86068 1 
 87046 3 
 87065 4 
 89072 22 
 90076 25 
 92059 5 
 94079 1 
 95006 8 
 97017 10 
 97033 3 
100075 11 
100080 16 
100098 4 
101085 26 
101087 23 
102061 3 
103041 5 
103070 9 
104022 13 
105019 4 
105025 6 
105053 5 
106020 6 
106024 4 
106025 17 
108005 19 
108041 5 
108070 5 
108073 3 
108082 5 
109034 7 
109053 7 
112082 4 
113009 8 
113016 5 
113044 4 
117054 5 
118020 13 
118035 11 
119082 39 
122048 8 
123074 9 
124084 3 
126007 14 
126039 9 
130026 5 
130034 1 
134008 2 
134035 12 
134052 4 
135037 4 
135069 3 
138032 5 
138078 4 
140055 30 
140075 6 
143090 4 
144067 11 
145014 22 
145053 19 
145086 14 
147021 5 
147062 3 
147091 7 
148026 10 
148089 20 
151087 6 
153077 38 
153093 32 
155060 6 
156065 4 
156079 4 
157036 4 
157055 10 
159008 18 
159029 13 
159045 9 
159091 2 
160068 6 
161062 28 
163014 7 
163062 7 
163085 5 
164074 5 
166081 8 
167062 3 
167083 5 
169012 19 
170054 23 
170057 25 
172032 12 
173036 10 
175032 7 
175043 1 
176019 12 
176035 28 
176039 4 
178054 6 
181018 10 
181079 5 
181091 12 
182053 10 
183055 5 
183087 2 
187003 16 
187029 12 
187039 4 
187071 11 
187083 3 
188005 29 
188063 4 
188091 5 
189003 21 
189011 15 
189080 5 
196015 13 
196073 2 
197017 4 
198004 8 
198023 13 
198054 4 
202012 5 
207056 2 
208001 15 
209070 39 
210088 1 
216041 5 
216053 14 
216066 2 
216081 34 
219090 12 
220075 38 
223061 8 
225017 10 
227040 4 
227046 7 
227092 7 
229036 4 
231015 10 
232038 19 
236017 18 
236037 8 
238011 2 
239007 29 
239096 21 
241004 26 
241048 23 
242078 39 
245051 18 
246016 20 
246053 22 
247085 5 
249061 5 
249087 3 
253027 4 
253036 7 
253055 2 
254033 4 
254054 4 
260058 7 
260081 4 
268002 3 
271008 37 
271031 3 
271035 8 
274007 8 
277095 20 
285036 38 
285079 6 
286092 38 
291000 4 
292066 6 
293029 12 
295087 12 
296007 9 
296059 30 
299086 3 
299091 2 
300091 3 
301007 22 
302003 29 
302008 25 
304034 4 
304074 11 
306005 8 
309004 5 
310007 4 
311068 3 
311081 4 
314016 2 
317080 6 
323016 34 
326038 3 
351093 11 
353013 4 
361010 18 
361084 15 
365025 5 
365073 21 
368016 7 
368078 19 
370036 24 
372047 37 
374020 26 
374067 6 
376001 40 
376020 11 
376043 5 
385028 11 
385039 14 
388016 16 
